10062
15651
1271
14355
7220

4878
1754
8466
4741
2582
3003
5327
3172
1327
6310

22413
4145
22294

23108
30453

2084
3496
4800
1388
8728
6380
6397
2558
2120
6159

25265
20200
2083

7424
5830
2575
2825
2234
6106
5505
2847
2059
7145
7223

58621

2926
9188
7432
1639
7420
1161
5517
2703
5446

2457
5814
1294
3280
8531
8214
4736
1964
1155
2380

2812
1827
5533
1756
1491
4127
6452
5935
1415
6221
3489
2681
4849
5250

2922
10365
5819
10227
2962
2702

2982
9254
14137
5026
9374

5933
2888
2250
4514
1825
5616
3497
2988
1181
3836
1032
5847
5383

5044
5922
3155
1610
5510
5016
6666
7024
4649
2764
6444

12932

4764
4285
1278
5020
5917
1888
4757
6323
5067
1314
1530
5748
5573
5848

6078
6687
5510
7642
6719
4376
7733
1356
4064
4159

7426
1147
4176
2797
9484
7907
10806

24981
21675
9324

5537
5730
1280
2090
2963
5992
6043
5141
3039
2120
3664
3816
3859
5406

1315
8662
2280
11800
10201
3886

3048
4147
3299
3912
1571
4582
1621
2201
4543
5377
3016
5297
5213
1338
3929

5456
4051
1621
5228
2672
3277
4006
4954
1487
5361
3298
4335
3015
1139

2875
6387
2926
5439
3494
5287
3793
3714
4944
1094
6728
3302
6345

9641
5967
10265
1129
3759
5632
4913
6151

5890
4285
3601
3344
7294
6321
2730
6352
2350
7214
4034
1032

4266
2086
12754
8475
5044
9616

27815
19415

7914
11106
6938
10695
6902
2983
3710

7659
3565
1310
11842

8750
17624
9697
16020

4606
6296
2321
1272
3504
7121
2313
8016
7910
4786

11012
12831
3980
12204

7996
7933
1500
1810
4030
8645
1710
7506
8096
8661

5694
4145
3095
3963
2396
5197
6086
6793
5924
5043
1241
5011

2410
7373
6724
2641
1827
8344
6833
8336
6517
1376

6084
9909
1760
10864
4904
6734
9492

8002
4098

17545
1504
17040
14118

1103
5378
6135
6207
3143
5550
5723
5494
2841
1461
2413
2252
1904
3474

1788
5889
7810
8520
5415
4633
1422
9526
6762

1187
2137
6551
8399
1510
7099
3465
5179

7056
3142
3237
4910
6656
3680
2619
5549
5737
4493
5359
1336

4690
6692
4638
5490
6449
1518
5872
7935
7742
1895
4528

4929
5947
5044
1627
5037
6646
5949
2142
2362
3050
6390
5467
5496

11896
13381
1055
3993
4275
12480

1903
1527
3280
3748
3315
1058
2541
4245
4386
4792
4937
2345
2551
1901

2674
9184
3423
1954
2788
5954
7827
4466
4901

4653
12104
14737
8740
4164

5317
5734
4580
3244
5509
4009
2576
4137
1282
5506
3530
3057
5408
5952
1849

9691
16403
16828

3653
6762
2042
4618
4212
6293
4782
2071
6303
1662
6814

